Accuracy: 0.775

Hit Rate: 0.8019925280199253

Specificity: 0.6649746192893401

Precision: 0.9070422535211268

F1-Score: 0.8512888301387971

