Accuracy: 0.775

Hit Rate: 0.7982565379825654

Specificity: 0.6802030456852792

Precision: 0.9105113636363636

F1-Score: 0.8506967485069675

