Accuracy: 0.783

Hit Rate: 0.800747198007472

Specificity: 0.7106598984771574

Precision: 0.9185714285714286

F1-Score: 0.8556220891550232

